1009 77 68
1009 45 31
1009 17 23
1009 16 19
1009 16 17
1009 12 15
1009 11 10
1009 10 9
1009 4 8
1009 3 8
1009 3 5
1009 3 4
1009 3 3
1009 2 2
1009 1 1
1009 1 1
1010 79 37
1010 31 36
1010 16 22
1010 11 19
1010 11 19
1010 10 11
1010 8 10
1010 5 8
1010 4 8
1010 4 6
1010 3 5
1010 3 3
1010 2 3
1010 1 1
1010 1 1
1010 1 1
1011 42 37
1011 29 26
1011 27 14
1011 12 14
1011 6 12
1011 2 7
1011 2 5
1011 1 5
1011 1 2
1011 1 1
1012 81 74
1012 74 61
1012 50 37
1012 44 35
1012 28 30
1012 14 21
1012 13 19
1012 12 18
1012 12 16
1012 9 14
1012 7 13
1012 6 6
1012 3 6
1012 3 4
1012 2 3
1012 2 2
1012 1 2
1021 13 27
1021 13 15
1021 12 10
1021 9 7
1021 8 5
1021 8 4
1021 7 4
1021 4 2
1021 1 1
1021 1 1
1021 1 1
1022 77 77
1022 46 41
1022 34 29
1022 24 26
1022 22 20
1022 13 15
1022 10 13
1022 9 12
1022 5 6
1022 5 6
1022 1 1
1180 30 16
1180 17 15
1180 7 10
1180 5 8
1180 2 5
1180 2 5
1180 1 3
1180 1 3
1180 1 1
1180 1 1
1180 1 1
1197 74 40
1197 33 28
1197 11 24
1197 8 14
1197 7 14
1197 5 9
1197 2 6
1197 2 5
1197 2 4
1197 1 1
1197 1 1
1198 38 27
1198 16 25
1198 16 17
1198 14 14
1198 13 12
1198 8 11
1198 7 8
1198 7 6
1198 6 5
1198 5 4
1198 4 4
1198 3 4
1198 2 2
1198 2 2
1198 1 1
1198 1 1
1198 1 1
1198 1 1
1200 28 29
1200 24 21
1200 14 16
1200 13 13
1200 11 9
1200 6 9
1200 6 8
1200 5 6
1200 4 5
1200 4 4
1200 3 3
1200 3 3
1200 3 2
1200 3 2
1200 2 2
1200 2 2
1200 2 2
1200 2 1
1200 2 1
1200 2 1
1200 1 1
1201 80 53
1201 33 33
1201 20 23
1201 17 20
1201 13 18
1201 11 12
1201 8 12
1201 7 11
1201 7 10
1201 6 8
1201 6 5
1201 3 4
1201 3 4
1201 2 3
1201 2 2
1201 2 2
1201 1 1
1201 1 1
1210 23 20
1210 11 11
1210 11 8
1210 5 7
1210 4 6
1210 2 3
1210 2 3
1210 2 2
1210 1 1
1210 1 1
1258 51 37
1258 25 29
1258 23 23
1258 22 23
1258 17 15
1258 7 11
1258 5 9
1258 4 8
1258 3 4
1258 2 1
1258 2 1
1266 47 78
1266 46 51
1266 43 46
1266 35 32
1266 33 30
1266 32 25
1266 23 19
1266 21 17
1266 18 14
1266 12 12
1266 11 7
1266 8 4
1266 7 1
1274 63 80
1274 43 42
1274 32 37
1274 24 28
1274 23 16
1274 22 16
1274 21 11
1274 12 11
1274 3 4
1274 3 2
1274 2 1
1275 41 40
1275 19 23
1275 17 21
1275 17 13
1275 13 11
1275 8 8
1275 5 3
1275 2 3
1275 2 3
1275 2 1
1278 18 12
1278 6 10
1278 6 6
1278 5 6
1278 4 4
1278 2 4
1278 2 2
1278 2 1
1278 1 1
1278 1 1
1291 82 64
1291 41 27
1291 17 21
1291 9 19
1291 9 14
1291 6 11
1291 5 9
1291 4 5
1291 2 4
1291 1 2
1294 56 40
1294 39 28
1294 18 20
1294 7 13
1294 6 12
1294 3 9
1294 3 6
1294 2 3
1294 2 3
1294 1 3
1294 1 1
1320 127 79
1320 59 43
1320 48 43
1320 24 38
1320 22 26
1320 18 23
1320 12 21
1320 11 18
1320 10 17
1320 7 13
1320 6 12
1320 5 10
1320 4 7
1320 4 5
1320 4 5
1320 3 4
1320 2 2
1320 2 2
1320 1 1
1328 33 25
1328 24 21
1328 21 13
1328 11 13
1328 3 11
1328 3 5
1328 1 4
1328 1 4
1328 1 2
1328 1 1
1338 144 53
1338 41 39
1338 10 32
1338 4 24
1338 2 18
1338 2 14
1338 2 13
1338 2 10
1338 1 5
1338 1 1
1344 34 29
1344 16 14
1344 9 12
1344 9 10
1344 8 10
1344 6 7
1344 6 7
1344 5 5
1344 4 4
1344 4 4
1344 3 4
1344 3 2
1344 3 2
1344 2 2
1344 1 1
1344 1 1
1344 1 1
1344 1 1
1344 1 1
1344 1 1
1348 23 25
1348 20 18
1348 14 11
1348 10 9
1348 7 9
1348 6 6
1348 5 6
1348 5 5
1348 4 3
1348 3 3
1348 2 3
1348 1 2
1348 1 1
1348 1 1
1353 10 13
1353 9 8
1353 6 6
1353 4 4
1353 4 4
1353 2 2
1353 2 2
1353 2 1
1353 2 1
1353 1 1
1356 11 15
1356 9 9
1356 5 6
1356 4 4
1356 4 3
1356 4 3
1356 3 2
1356 3 2
1356 2 2
1356 2 1
1356 1 1
1356 1 1
1356 1 1
1419 15 12
1419 12 7
1419 2 5
1419 2 5
1419 2 3
1419 2 2
1419 1 2
1419 1 1
1419 1 1
1419 1 1
1473 78 60
1473 52 31
1473 34 23
1473 7 22
1473 5 17
1473 5 13
1473 1 9
1473 1 7
1473 1 2
1473 1 1
1486 58 45
1486 38 37
1486 38 31
1486 34 21
1486 26 19
1486 8 17
1486 5 12
1486 2 12
1486 2 9
1486 1 4
1486 1 3
1486 1 3
1486 1 2
1486 1 1
1550 31 46
1550 26 31
1550 25 21
1550 25 15
1550 13 14
1550 11 10
1550 9 8
1550 6 4
1550 5 2
1550 1 1
1611 17 20
1611 12 12
1611 9 10
1611 7 6
1611 6 5
1611 5 4
1611 3 3
1611 2 2
1611 2 1
1611 1 1
1614 11 16
1614 10 8
1614 8 6
1614 5 4
1614 4 4
1614 3 3
1614 3 2
1614 1 2
1614 1 1
1614 1 1
1731 181 98
1731 90 47
1731 31 44
1731 22 35
1731 16 32
1731 11 23
1731 8 19
1731 7 17
1731 7 16
1731 7 15
1731 6 13
1731 5 11
1731 4 8
1731 4 7
1731 4 7
1731 3 5
1731 2 4
1731 2 4
1731 1 4
1731 1 3
1731 1 1
1732 156 76
1732 85 56
1732 19 31
1732 15 26
1732 6 26
1732 6 20
1732 6 17
1732 2 15
1732 2 11
1732 2 8
1732 1 8
1732 1 5
1732 1 2
1732 1 2
1733 183 83
1733 97 73
1733 27 49
1733 15 38
1733 14 38
1733 13 26
1733 12 23
1733 9 20
1733 7 17
1733 5 8
1733 4 8
1733 3 4
1733 2 3
1733 1 2
1734 181 77
1734 55 38
1734 14 38
1734 12 33
1734 11 30
1734 6 20
1734 6 16
1734 4 14
1734 4 13
1734 3 9
1734 3 6
1734 2 5
1734 1 3
1734 1 1
1736 21 25
1736 21 15
1736 16 12
1736 14 11
1736 8 8
1736 5 6
1736 5 6
1736 4 5
1736 3 5
1736 2 3
1736 1 3
1736 1 2
1736 1 1
1736 1 1
1751 68 46
1751 38 34
1751 18 25
1751 13 16
1751 6 11
1751 6 10
1751 5 10
1751 3 5
1751 2 2
1751 1 1
1812 33 23
1812 22 15
1812 7 11
1812 6 8
1812 3 8
1812 2 5
1812 2 3
1812 1 3
1812 1 1
1812 1 1
1820 133 61
1820 45 41
1820 21 38
1820 20 27
1820 19 23
1820 12 22
1820 12 22
1820 9 19
1820 8 14
1820 6 9
1820 2 6
1820 2 5
1820 1 3
1820 1 1
1870 62 40
1870 37 24
1870 26 21
1870 5 15
1870 2 13
1870 2 9
1870 2 6
1870 1 5
1870 1 4
1870 1 2
1904 171 144
1904 168 107
1904 101 65
1904 67 63
1904 64 60
1904 63 55
1904 61 51
1904 45 44
1904 39 41
1904 38 39
1904 32 32
1904 24 29
1904 22 28
1904 14 26
1904 12 23
1904 10 21
1904 9 21
1904 6 19
1904 6 15
1904 6 15
1904 5 13
1904 4 13
1904 3 11
1904 2 11
1904 2 8
1904 2 7
1904 2 5
1904 1 5
1904 1 4
1904 1 3
1904 1 2
1904 1 2
1904 1 2
1904 1 1
